1 2 60.39
1 4 110.07
1 3 55.6
1 5 184.5
2 3 68.06
2 4 81.2
3 4 83.2
4 5 163.8
4 6 258.3
5 6 516.2
6 7 215.96
6 8 252.55
6 10 169.14
6 11 150
6 12 328.73
7 9 86.7
7 10 97 
7 8 87
8 9 134.5
9 13 152.82
9 10 128.03
9 14 300
10 11 133.12
10 12 204.3
10 13 208.48
10 14 279.79
10 15 350.87
10 16 324.07
11 12 253.90
11 13 256.12
11 14 285
11 15 318.15
11 16 616
12 14 108
12 15 182
12 16 114
12 17 583.55
13 14 188.11
13 15 304.6
13 16 169
13 17 753
14 15 192.69
14 16 220.24
14 17 605.39
14 18 387.74
15 16 107.89
15 17 512.8
15 18 191.57
15 19 411.62
16 17 633.4
16 18 207
16 19 397.462
16 20 387
17 18 516.71
17 19 404.76
17 20 299.94
17 21 280
18 19 218.79
18 20 290
18 21 254.45
18 22 360
19 20 122.52
19 21 220
19 22 225
19 23 329.66
20 21 115
20 22 97.65
20 23 238.99
20 24 299.94
21 22 129.4
21 23 281.759
21 24 275.3
21 25 107.4
22 23 172.76
22 24 207.66
22 25 208.09
23 24 88
23 25 286.35
23 26 423.995
23 27 226
24 25 265.76
24 26 402.95
24 27 197.45
25 26 148.97
25 27 68.8
25 28 277.99
26 27 211.7
26 28 380.96
27 28 226.05
















